Frame 0
0 0
0 0

Frame 1
1 0
0 1

Frame 2
2 0
0 2

Frame 3
3 0
0 3

Frame 4
4 0
0 4

Frame 5
5 0
0 5

Frame 6
6 0
0 6

Frame 7
7 0
0 7

Frame 8
8 0
0 8

Frame 9
9 0
0 9

Frame 10
10 0
0 10

Frame 11
11 0
0 11

Frame 12
12 0
0 12

Frame 13
13 0
0 13

Frame 14
14 0
0 14

Frame 15
15 0
0 15

Frame 16
16 0
0 16

Frame 17
17 0
0 17

Frame 18
18 0
0 18

Frame 19
19 0
0 19

Frame 20
20 0
0 20

Frame 21
21 0
0 21

Frame 22
22 0
0 22

Frame 23
23 0
0 23

Frame 24
24 0
0 24

Frame 25
25 0
0 25

Frame 26
26 0
0 26

Frame 27
27 0
0 27

Frame 28
28 0
0 28

Frame 29
29 0
0 29

Frame 30
30 0
0 30

Frame 31
31 0
0 31

Frame 32
32 0
0 32

Frame 33
33 0
0 33

Frame 34
34 0
0 34

Frame 35
35 0
0 35

Frame 36
36 0
0 36

Frame 37
37 0
0 37

Frame 38
38 0
0 38

Frame 39
39 0
0 39

Frame 40
40 0
0 40

Frame 41
41 0
0 41

Frame 42
42 0
0 42

Frame 43
43 0
0 43

Frame 44
44 0
0 44

Frame 45
45 0
0 45

Frame 46
46 0
0 46

Frame 47
47 0
0 47

Frame 48
48 0
0 48

Frame 49
49 0
0 49

Frame 50
50 0
0 50

Frame 51
51 0
0 51

Frame 52
52 0
0 52

Frame 53
53 0
0 53

Frame 54
54 0
0 54

Frame 55
55 0
0 55

Frame 56
56 0
0 56

Frame 57
57 0
0 57

Frame 58
58 0
0 58

Frame 59
59 0
0 59

Frame 60
60 0
0 60

Frame 61
61 0
0 61

Frame 62
62 0
0 62

Frame 63
63 0
0 63

Frame 64
64 0
0 64

Frame 65
65 0
0 65

Frame 66
66 0
0 66

Frame 67
67 0
0 67

Frame 68
68 0
0 68

Frame 69
69 0
0 69

Frame 70
70 0
0 70

Frame 71
71 0
0 71

Frame 72
72 0
0 72

Frame 73
73 0
0 73

Frame 74
74 0
0 74

Frame 75
75 0
0 75

Frame 76
76 0
0 76

Frame 77
77 0
0 77

Frame 78
78 0
0 78

Frame 79
79 0
0 79

Frame 80
80 0
0 80

Frame 81
81 0
0 81

Frame 82
82 0
0 82

Frame 83
83 0
0 83

Frame 84
84 0
0 84

Frame 85
85 0
0 85

Frame 86
86 0
0 86

Frame 87
87 0
0 87

Frame 88
88 0
0 88

Frame 89
89 0
0 89

Frame 90
90 0
0 90

Frame 91
91 0
0 91

Frame 92
92 0
0 92

Frame 93
93 0
0 93

Frame 94
94 0
0 94

Frame 95
95 0
0 95

Frame 96
96 0
0 96

Frame 97
97 0
0 97

Frame 98
98 0
0 98

Frame 99
99 0
0 99

Frame 100
100 0
0 100

Frame 101
101 0
0 101

Frame 102
102 0
0 102

Frame 103
103 0
0 103

Frame 104
104 0
0 104

Frame 105
105 0
0 105

Frame 106
106 0
0 106

Frame 107
107 0
0 107

Frame 108
108 0
0 108

Frame 109
109 0
0 109

Frame 110
110 0
0 110

Frame 111
111 0
0 111

Frame 112
112 0
0 112

Frame 113
113 0
0 113

Frame 114
114 0
0 114

Frame 115
115 0
0 115

Frame 116
116 0
0 116

Frame 117
117 0
0 117

Frame 118
118 0
0 118

Frame 119
119 0
0 119

Frame 120
120 0
0 120

Frame 121
121 0
0 121

Frame 122
122 0
0 122

Frame 123
123 0
0 123

Frame 124
124 0
0 124

Frame 125
125 0
0 125

Frame 126
126 0
0 126

Frame 127
127 0
0 127

Frame 128
128 0
0 128

Frame 129
129 0
0 129

Frame 130
130 0
0 130

Frame 131
131 0
0 131

Frame 132
132 0
0 132

Frame 133
133 0
0 133

Frame 134
134 0
0 134

Frame 135
135 0
0 135

Frame 136
136 0
0 136

Frame 137
137 0
0 137

Frame 138
138 0
0 138

Frame 139
139 0
0 139

Frame 140
140 0
0 140

Frame 141
141 0
0 141

Frame 142
142 0
0 142

Frame 143
143 0
0 143

Frame 144
144 0
0 144

Frame 145
145 0
0 145

Frame 146
146 0
0 146

Frame 147
147 0
0 147

Frame 148
148 0
0 148

Frame 149
149 0
0 149

Frame 150
150 0
0 150

Frame 151
151 0
0 151

Frame 152
152 0
0 152

Frame 153
153 0
0 153

Frame 154
154 0
0 154

Frame 155
155 0
0 155

Frame 156
156 0
0 156

Frame 157
157 0
0 157

Frame 158
158 0
0 158

Frame 159
159 0
0 159

Frame 160
160 0
0 160

Frame 161
161 0
0 161

Frame 162
162 0
0 162

Frame 163
163 0
0 163

Frame 164
164 0
0 164

Frame 165
165 0
0 165

Frame 166
166 0
0 166

Frame 167
167 0
0 167

Frame 168
168 0
0 168

Frame 169
169 0
0 169

Frame 170
170 0
0 170

Frame 171
171 0
0 171

Frame 172
172 0
0 172

Frame 173
173 0
0 173

Frame 174
174 0
0 174

Frame 175
175 0
0 175

Frame 176
176 0
0 176

Frame 177
177 0
0 177

Frame 178
178 0
0 178

Frame 179
179 0
0 179

Frame 180
180 0
0 180

Frame 181
181 0
0 181

Frame 182
182 0
0 182

Frame 183
183 0
0 183

Frame 184
184 0
0 184

Frame 185
185 0
0 185

Frame 186
186 0
0 186

Frame 187
187 0
0 187

Frame 188
188 0
0 188

Frame 189
189 0
0 189

Frame 190
190 0
0 190

Frame 191
191 0
0 191

Frame 192
192 0
0 192

Frame 193
193 0
0 193

Frame 194
194 0
0 194

Frame 195
195 0
0 195

Frame 196
196 0
0 196

Frame 197
197 0
0 197

Frame 198
198 0
0 198

Frame 199
199 0
0 199

Frame 200
200 0
0 200

Frame 201
201 0
0 201

Frame 202
202 0
0 202

Frame 203
203 0
0 203

Frame 204
204 0
0 204

Frame 205
205 0
0 205

Frame 206
206 0
0 206

Frame 207
207 0
0 207

Frame 208
208 0
0 208

Frame 209
209 0
0 209

Frame 210
210 0
0 210

Frame 211
211 0
0 211

Frame 212
212 0
0 212

Frame 213
213 0
0 213

Frame 214
214 0
0 214

Frame 215
215 0
0 215

Frame 216
216 0
0 216

Frame 217
217 0
0 217

Frame 218
218 0
0 218

Frame 219
219 0
0 219

Frame 220
220 0
0 220

Frame 221
221 0
0 221

Frame 222
222 0
0 222

Frame 223
223 0
0 223

Frame 224
224 0
0 224

Frame 225
225 0
0 225

Frame 226
226 0
0 226

Frame 227
227 0
0 227

Frame 228
228 0
0 228

Frame 229
229 0
0 229

Frame 230
230 0
0 230

Frame 231
231 0
0 231

Frame 232
232 0
0 232

Frame 233
233 0
0 233

Frame 234
234 0
0 234

Frame 235
235 0
0 235

Frame 236
236 0
0 236

Frame 237
237 0
0 237

Frame 238
238 0
0 238

Frame 239
239 0
0 239

Frame 240
240 0
0 240

Frame 241
241 0
0 241

Frame 242
242 0
0 242

Frame 243
243 0
0 243

Frame 244
244 0
0 244

Frame 245
245 0
0 245

Frame 246
246 0
0 246

Frame 247
247 0
0 247

Frame 248
248 0
0 248

Frame 249
249 0
0 249

Frame 250
250 0
0 250

Frame 251
251 0
0 251

Frame 252
252 0
0 252

Frame 253
253 0
0 253

Frame 254
254 0
0 254

Frame 255
255 0
0 255

Frame 256
256 0
0 256

Frame 257
257 0
0 257

Frame 258
258 0
0 258

Frame 259
259 0
0 259

Frame 260
260 0
0 260

Frame 261
261 0
0 261

Frame 262
262 0
0 262

Frame 263
263 0
0 263

Frame 264
264 0
0 264

Frame 265
265 0
0 265

Frame 266
266 0
0 266

Frame 267
267 0
0 267

Frame 268
268 0
0 268

Frame 269
269 0
0 269

Frame 270
270 0
0 270

Frame 271
271 0
0 271

Frame 272
272 0
0 272

Frame 273
273 0
0 273

Frame 274
274 0
0 274

Frame 275
275 0
0 275

Frame 276
276 0
0 276

Frame 277
277 0
0 277

Frame 278
278 0
0 278

Frame 279
279 0
0 279

Frame 280
280 0
0 280

Frame 281
281 0
0 281

Frame 282
282 0
0 282

Frame 283
283 0
0 283

Frame 284
284 0
0 284

Frame 285
285 0
0 285

Frame 286
286 0
0 286

Frame 287
287 0
0 287

Frame 288
288 0
0 288

Frame 289
289 0
0 289

Frame 290
290 0
0 290

Frame 291
291 0
0 291

Frame 292
292 0
0 292

Frame 293
293 0
0 293

Frame 294
294 0
0 294

Frame 295
295 0
0 295

Frame 296
296 0
0 296

Frame 297
297 0
0 297

Frame 298
298 0
0 298

Frame 299
299 0
0 299

Frame 300
300 0
0 300

Frame 301
301 0
0 301

Frame 302
302 0
0 302

Frame 303
303 0
0 303

Frame 304
304 0
0 304

Frame 305
305 0
0 305

Frame 306
306 0
0 306

Frame 307
307 0
0 307

Frame 308
308 0
0 308

Frame 309
309 0
0 309

Frame 310
310 0
0 310

Frame 311
311 0
0 311

Frame 312
312 0
0 312

Frame 313
313 0
0 313

Frame 314
314 0
0 314

Frame 315
315 0
0 315

Frame 316
316 0
0 316

Frame 317
317 0
0 317

Frame 318
318 0
0 318

Frame 319
319 0
0 319

Frame 320
320 0
0 320

Frame 321
321 0
0 321

Frame 322
322 0
0 322

Frame 323
323 0
0 323

Frame 324
324 0
0 324

Frame 325
325 0
0 325

Frame 326
326 0
0 326

Frame 327
327 0
0 327

Frame 328
328 0
0 328

Frame 329
329 0
0 329

Frame 330
330 0
0 330

Frame 331
331 0
0 331

Frame 332
332 0
0 332

Frame 333
333 0
0 333

Frame 334
334 0
0 334

Frame 335
335 0
0 335

Frame 336
336 0
0 336

Frame 337
337 0
0 337

Frame 338
338 0
0 338

Frame 339
339 0
0 339

Frame 340
340 0
0 340

Frame 341
341 0
0 341

Frame 342
342 0
0 342

Frame 343
343 0
0 343

Frame 344
344 0
0 344

Frame 345
345 0
0 345

Frame 346
346 0
0 346

Frame 347
347 0
0 347

Frame 348
348 0
0 348

Frame 349
349 0
0 349

Frame 350
350 0
0 350

Frame 351
351 0
0 351

Frame 352
352 0
0 352

Frame 353
353 0
0 353

Frame 354
354 0
0 354

Frame 355
355 0
0 355

Frame 356
356 0
0 356

Frame 357
357 0
0 357

Frame 358
358 0
0 358

Frame 359
359 0
0 359

Frame 360
360 0
0 360

Frame 361
361 0
0 361

Frame 362
362 0
0 362

Frame 363
363 0
0 363

Frame 364
364 0
0 364

Frame 365
365 0
0 365

Frame 366
366 0
0 366

Frame 367
367 0
0 367

Frame 368
368 0
0 368

Frame 369
369 0
0 369

Frame 370
370 0
0 370

Frame 371
371 0
0 371

Frame 372
372 0
0 372

Frame 373
373 0
0 373

Frame 374
374 0
0 374

Frame 375
375 0
0 375

Frame 376
376 0
0 376

Frame 377
377 0
0 377

Frame 378
378 0
0 378

Frame 379
379 0
0 379

Frame 380
380 0
0 380

Frame 381
381 0
0 381

Frame 382
382 0
0 382

Frame 383
383 0
0 383

Frame 384
384 0
0 384

Frame 385
385 0
0 385

Frame 386
386 0
0 386

Frame 387
387 0
0 387

Frame 388
388 0
0 388

Frame 389
389 0
0 389

Frame 390
390 0
0 390

Frame 391
391 0
0 391

Frame 392
392 0
0 392

Frame 393
393 0
0 393

Frame 394
394 0
0 394

Frame 395
395 0
0 395

Frame 396
396 0
0 396

Frame 397
397 0
0 397

Frame 398
398 0
0 398

Frame 399
399 0
0 399

Frame 400
400 0
0 400

Frame 401
401 0
0 401

Frame 402
402 0
0 402

Frame 403
403 0
0 403

Frame 404
404 0
0 404

Frame 405
405 0
0 405

Frame 406
406 0
0 406

Frame 407
407 0
0 407

Frame 408
408 0
0 408

Frame 409
409 0
0 409

Frame 410
410 0
0 410

Frame 411
411 0
0 411

Frame 412
412 0
0 412

Frame 413
413 0
0 413

Frame 414
414 0
0 414

Frame 415
415 0
0 415

Frame 416
416 0
0 416

Frame 417
417 0
0 417

Frame 418
418 0
0 418

Frame 419
419 0
0 419

Frame 420
420 0
0 420

Frame 421
421 0
0 421

Frame 422
422 0
0 422

Frame 423
423 0
0 423

Frame 424
424 0
0 424

Frame 425
425 0
0 425

Frame 426
426 0
0 426

Frame 427
427 0
0 427

Frame 428
428 0
0 428

Frame 429
429 0
0 429

Frame 430
430 0
0 430

Frame 431
431 0
0 431

Frame 432
432 0
0 432

Frame 433
433 0
0 433

Frame 434
434 0
0 434

Frame 435
435 0
0 435

Frame 436
436 0
0 436

Frame 437
437 0
0 437

Frame 438
438 0
0 438

Frame 439
439 0
0 439

Frame 440
440 0
0 440

Frame 441
441 0
0 441

Frame 442
442 0
0 442

Frame 443
443 0
0 443

Frame 444
444 0
0 444

Frame 445
445 0
0 445

Frame 446
446 0
0 446

Frame 447
447 0
0 447

Frame 448
448 0
0 448

Frame 449
449 0
0 449

Frame 450
450 0
0 450

Frame 451
451 0
0 451

Frame 452
452 0
0 452

Frame 453
453 0
0 453

Frame 454
454 0
0 454

Frame 455
455 0
0 455

Frame 456
456 0
0 456

Frame 457
457 0
0 457

Frame 458
458 0
0 458

Frame 459
459 0
0 459

Frame 460
460 0
0 460

Frame 461
461 0
0 461

Frame 462
462 0
0 462

Frame 463
463 0
0 463

Frame 464
464 0
0 464

Frame 465
465 0
0 465

Frame 466
466 0
0 466

Frame 467
467 0
0 467

Frame 468
468 0
0 468

Frame 469
469 0
0 469

Frame 470
470 0
0 470

Frame 471
471 0
0 471

Frame 472
472 0
0 472

Frame 473
473 0
0 473

Frame 474
474 0
0 474

Frame 475
475 0
0 475

Frame 476
476 0
0 476

Frame 477
477 0
0 477

Frame 478
478 0
0 478

Frame 479
479 0
0 479

Frame 480
480 0
0 480

Frame 481
481 0
0 481

Frame 482
482 0
0 482

Frame 483
483 0
0 483

Frame 484
484 0
0 484

Frame 485
485 0
0 485

Frame 486
486 0
0 486

Frame 487
487 0
0 487

Frame 488
488 0
0 488

Frame 489
489 0
0 489

Frame 490
490 0
0 490

Frame 491
491 0
0 491

Frame 492
492 0
0 492

Frame 493
493 0
0 493

Frame 494
494 0
0 494

Frame 495
495 0
0 495

Frame 496
496 0
0 496

Frame 497
497 0
0 497

Frame 498
498 0
0 498

Frame 499
499 0
0 499

Frame 500
500 0
0 500

Frame 501
501 0
0 501

Frame 502
502 0
0 502

Frame 503
503 0
0 503

Frame 504
504 0
0 504

Frame 505
505 0
0 505

Frame 506
506 0
0 506

Frame 507
507 0
0 507

Frame 508
508 0
0 508

Frame 509
509 0
0 509

Frame 510
510 0
0 510

Frame 511
511 0
0 511

Frame 512
512 0
0 512

Frame 513
513 0
0 513

Frame 514
514 0
0 514

Frame 515
515 0
0 515

Frame 516
516 0
0 516

Frame 517
517 0
0 517

Frame 518
518 0
0 518

Frame 519
519 0
0 519

Frame 520
520 0
0 520

Frame 521
521 0
0 521

Frame 522
522 0
0 522

Frame 523
523 0
0 523

Frame 524
524 0
0 524

Frame 525
525 0
0 525

Frame 526
526 0
0 526

Frame 527
527 0
0 527

Frame 528
528 0
0 528

Frame 529
529 0
0 529

Frame 530
530 0
0 530

Frame 531
531 0
0 531

Frame 532
532 0
0 532

Frame 533
533 0
0 533

Frame 534
534 0
0 534

Frame 535
535 0
0 535

Frame 536
536 0
0 536

Frame 537
537 0
0 537

Frame 538
538 0
0 538

Frame 539
539 0
0 539

Frame 540
540 0
0 540

Frame 541
541 0
0 541

Frame 542
542 0
0 542

Frame 543
543 0
0 543

Frame 544
544 0
0 544

Frame 545
545 0
0 545

Frame 546
546 0
0 546

Frame 547
547 0
0 547

Frame 548
548 0
0 548

Frame 549
549 0
0 549

Frame 550
550 0
0 550

Frame 551
551 0
0 551

Frame 552
552 0
0 552

Frame 553
553 0
0 553

Frame 554
554 0
0 554

Frame 555
555 0
0 555

Frame 556
556 0
0 556

Frame 557
557 0
0 557

Frame 558
558 0
0 558

Frame 559
559 0
0 559

Frame 560
560 0
0 560

Frame 561
561 0
0 561

Frame 562
562 0
0 562

Frame 563
563 0
0 563

Frame 564
564 0
0 564

Frame 565
565 0
0 565

Frame 566
566 0
0 566

Frame 567
567 0
0 567

Frame 568
568 0
0 568

Frame 569
569 0
0 569

Frame 570
570 0
0 570

Frame 571
571 0
0 571

Frame 572
572 0
0 572

Frame 573
573 0
0 573

Frame 574
574 0
0 574

Frame 575
575 0
0 575

Frame 576
576 0
0 576

Frame 577
577 0
0 577

Frame 578
578 0
0 578

Frame 579
579 0
0 579

Frame 580
580 0
0 580

Frame 581
581 0
0 581

Frame 582
582 0
0 582

Frame 583
583 0
0 583

Frame 584
584 0
0 584

Frame 585
585 0
0 585

Frame 586
586 0
0 586

Frame 587
587 0
0 587

Frame 588
588 0
0 588

Frame 589
589 0
0 589

Frame 590
590 0
0 590

Frame 591
591 0
0 591

Frame 592
592 0
0 592

Frame 593
593 0
0 593

Frame 594
594 0
0 594

Frame 595
595 0
0 595

Frame 596
596 0
0 596

Frame 597
597 0
0 597

Frame 598
598 0
0 598

Frame 599
599 0
0 599

Frame 600
600 0
0 600

Frame 601
601 0
0 601

Frame 602
602 0
0 602

Frame 603
603 0
0 603

Frame 604
604 0
0 604

Frame 605
605 0
0 605

Frame 606
606 0
0 606

Frame 607
607 0
0 607

Frame 608
608 0
0 608

Frame 609
609 0
0 609

Frame 610
610 0
0 610

Frame 611
611 0
0 611

Frame 612
612 0
0 612

Frame 613
613 0
0 613

Frame 614
614 0
0 614

Frame 615
615 0
0 615

Frame 616
616 0
0 616

Frame 617
617 0
0 617

Frame 618
618 0
0 618

Frame 619
619 0
0 619

Frame 620
620 0
0 620

Frame 621
621 0
0 621

Frame 622
622 0
0 622

Frame 623
623 0
0 623

Frame 624
624 0
0 624

Frame 625
625 0
0 625

Frame 626
626 0
0 626

Frame 627
627 0
0 627

Frame 628
628 0
0 628

Frame 629
629 0
0 629

Frame 630
630 0
0 630

Frame 631
631 0
0 631

Frame 632
632 0
0 632

Frame 633
633 0
0 633

Frame 634
634 0
0 634

Frame 635
635 0
0 635

Frame 636
636 0
0 636

Frame 637
637 0
0 637

Frame 638
638 0
0 638

Frame 639
639 0
0 639

Frame 640
640 0
0 640

Frame 641
641 0
0 641

Frame 642
642 0
0 642

Frame 643
643 0
0 643

Frame 644
644 0
0 644

Frame 645
645 0
0 645

Frame 646
646 0
0 646

Frame 647
647 0
0 647

Frame 648
648 0
0 648

Frame 649
649 0
0 649

Frame 650
650 0
0 650

Frame 651
651 0
0 651

Frame 652
652 0
0 652

Frame 653
653 0
0 653

Frame 654
654 0
0 654

Frame 655
655 0
0 655

Frame 656
656 0
0 656

Frame 657
657 0
0 657

Frame 658
658 0
0 658

Frame 659
659 0
0 659

Frame 660
660 0
0 660

Frame 661
661 0
0 661

Frame 662
662 0
0 662

Frame 663
663 0
0 663

Frame 664
664 0
0 664

Frame 665
665 0
0 665

Frame 666
666 0
0 666

Frame 667
667 0
0 667

Frame 668
668 0
0 668

Frame 669
669 0
0 669

Frame 670
670 0
0 670

Frame 671
671 0
0 671

Frame 672
672 0
0 672

Frame 673
673 0
0 673

Frame 674
674 0
0 674

Frame 675
675 0
0 675

Frame 676
676 0
0 676

Frame 677
677 0
0 677

Frame 678
678 0
0 678

Frame 679
679 0
0 679

Frame 680
680 0
0 680

Frame 681
681 0
0 681

Frame 682
682 0
0 682

Frame 683
683 0
0 683

Frame 684
684 0
0 684

Frame 685
685 0
0 685

Frame 686
686 0
0 686

Frame 687
687 0
0 687

Frame 688
688 0
0 688

Frame 689
689 0
0 689

Frame 690
690 0
0 690

Frame 691
691 0
0 691

Frame 692
692 0
0 692

Frame 693
693 0
0 693

Frame 694
694 0
0 694

Frame 695
695 0
0 695

Frame 696
696 0
0 696

Frame 697
697 0
0 697

Frame 698
698 0
0 698

Frame 699
699 0
0 699

Frame 700
700 0
0 700

Frame 701
701 0
0 701

Frame 702
702 0
0 702

Frame 703
703 0
0 703

Frame 704
704 0
0 704

Frame 705
705 0
0 705

Frame 706
706 0
0 706

Frame 707
707 0
0 707

Frame 708
708 0
0 708

Frame 709
709 0
0 709

Frame 710
710 0
0 710

Frame 711
711 0
0 711

Frame 712
712 0
0 712

Frame 713
713 0
0 713

Frame 714
714 0
0 714

Frame 715
715 0
0 715

Frame 716
716 0
0 716

Frame 717
717 0
0 717

Frame 718
718 0
0 718

Frame 719
719 0
0 719

Frame 720
720 0
0 720

Frame 721
721 0
0 721

Frame 722
722 0
0 722

Frame 723
723 0
0 723

Frame 724
724 0
0 724

Frame 725
725 0
0 725

Frame 726
726 0
0 726

Frame 727
727 0
0 727

Frame 728
728 0
0 728

Frame 729
729 0
0 729

Frame 730
730 0
0 730

Frame 731
731 0
0 731

Frame 732
732 0
0 732

Frame 733
733 0
0 733

Frame 734
734 0
0 734

Frame 735
735 0
0 735

Frame 736
736 0
0 736

Frame 737
737 0
0 737

Frame 738
738 0
0 738

Frame 739
739 0
0 739

Frame 740
740 0
0 740

Frame 741
741 0
0 741

Frame 742
742 0
0 742

Frame 743
743 0
0 743

Frame 744
744 0
0 744

Frame 745
745 0
0 745

Frame 746
746 0
0 746

Frame 747
747 0
0 747

Frame 748
748 0
0 748

Frame 749
749 0
0 749

Frame 750
750 0
0 750

Frame 751
751 0
0 751

Frame 752
752 0
0 752

Frame 753
753 0
0 753

Frame 754
754 0
0 754

Frame 755
755 0
0 755

Frame 756
756 0
0 756

Frame 757
757 0
0 757

Frame 758
758 0
0 758

Frame 759
759 0
0 759

Frame 760
760 0
0 760

Frame 761
761 0
0 761

Frame 762
762 0
0 762

Frame 763
763 0
0 763

Frame 764
764 0
0 764

Frame 765
765 0
0 765

Frame 766
766 0
0 766

Frame 767
767 0
0 767

Frame 768
768 0
0 768

Frame 769
769 0
0 769

Frame 770
770 0
0 770

Frame 771
771 0
0 771

Frame 772
772 0
0 772

Frame 773
773 0
0 773

Frame 774
774 0
0 774

Frame 775
775 0
0 775

Frame 776
776 0
0 776

Frame 777
777 0
0 777

Frame 778
778 0
0 778

Frame 779
779 0
0 779

Frame 780
780 0
0 780

Frame 781
781 0
0 781

Frame 782
782 0
0 782

Frame 783
783 0
0 783

Frame 784
784 0
0 784

Frame 785
785 0
0 785

Frame 786
786 0
0 786

Frame 787
787 0
0 787

Frame 788
788 0
0 788

Frame 789
789 0
0 789

Frame 790
790 0
0 790

Frame 791
791 0
0 791

Frame 792
792 0
0 792

Frame 793
793 0
0 793

Frame 794
794 0
0 794

Frame 795
795 0
0 795

Frame 796
796 0
0 796

Frame 797
797 0
0 797

Frame 798
798 0
0 798

Frame 799
799 0
0 799

Frame 800
800 0
0 800

Frame 801
801 0
0 801

Frame 802
802 0
0 802

Frame 803
803 0
0 803

Frame 804
804 0
0 804

Frame 805
805 0
0 805

Frame 806
806 0
0 806

Frame 807
807 0
0 807

Frame 808
808 0
0 808

Frame 809
809 0
0 809

Frame 810
810 0
0 810

Frame 811
811 0
0 811

Frame 812
812 0
0 812

Frame 813
813 0
0 813

Frame 814
814 0
0 814

Frame 815
815 0
0 815

Frame 816
816 0
0 816

Frame 817
817 0
0 817

Frame 818
818 0
0 818

Frame 819
819 0
0 819

Frame 820
820 0
0 820

Frame 821
821 0
0 821

Frame 822
822 0
0 822

Frame 823
823 0
0 823

Frame 824
824 0
0 824

Frame 825
825 0
0 825

Frame 826
826 0
0 826

Frame 827
827 0
0 827

Frame 828
828 0
0 828

Frame 829
829 0
0 829

Frame 830
830 0
0 830

Frame 831
831 0
0 831

Frame 832
832 0
0 832

Frame 833
833 0
0 833

Frame 834
834 0
0 834

Frame 835
835 0
0 835

Frame 836
836 0
0 836

Frame 837
837 0
0 837

Frame 838
838 0
0 838

Frame 839
839 0
0 839

Frame 840
840 0
0 840

Frame 841
841 0
0 841

Frame 842
842 0
0 842

Frame 843
843 0
0 843

Frame 844
844 0
0 844

Frame 845
845 0
0 845

Frame 846
846 0
0 846

Frame 847
847 0
0 847

Frame 848
848 0
0 848

Frame 849
849 0
0 849

Frame 850
850 0
0 850

Frame 851
851 0
0 851

Frame 852
852 0
0 852

Frame 853
853 0
0 853

Frame 854
854 0
0 854

Frame 855
855 0
0 855

Frame 856
856 0
0 856

Frame 857
857 0
0 857

Frame 858
858 0
0 858

Frame 859
859 0
0 859

Frame 860
860 0
0 860

Frame 861
861 0
0 861

Frame 862
862 0
0 862

Frame 863
863 0
0 863

Frame 864
864 0
0 864

Frame 865
865 0
0 865

Frame 866
866 0
0 866

Frame 867
867 0
0 867

Frame 868
868 0
0 868

Frame 869
869 0
0 869

Frame 870
870 0
0 870

Frame 871
871 0
0 871

Frame 872
872 0
0 872

Frame 873
873 0
0 873

Frame 874
874 0
0 874

Frame 875
875 0
0 875

Frame 876
876 0
0 876

Frame 877
877 0
0 877

Frame 878
878 0
0 878

Frame 879
879 0
0 879

Frame 880
880 0
0 880

Frame 881
881 0
0 881

Frame 882
882 0
0 882

Frame 883
883 0
0 883

Frame 884
884 0
0 884

Frame 885
885 0
0 885

Frame 886
886 0
0 886

Frame 887
887 0
0 887

Frame 888
888 0
0 888

Frame 889
889 0
0 889

Frame 890
890 0
0 890

Frame 891
891 0
0 891

Frame 892
892 0
0 892

Frame 893
893 0
0 893

Frame 894
894 0
0 894

Frame 895
895 0
0 895

Frame 896
896 0
0 896

Frame 897
897 0
0 897

Frame 898
898 0
0 898

Frame 899
899 0
0 899

Frame 900
900 0
0 900

Frame 901
901 0
0 901

Frame 902
902 0
0 902

Frame 903
903 0
0 903

Frame 904
904 0
0 904

Frame 905
905 0
0 905

Frame 906
906 0
0 906

Frame 907
907 0
0 907

Frame 908
908 0
0 908

Frame 909
909 0
0 909

Frame 910
910 0
0 910

Frame 911
911 0
0 911

Frame 912
912 0
0 912

Frame 913
913 0
0 913

Frame 914
914 0
0 914

Frame 915
915 0
0 915

Frame 916
916 0
0 916

Frame 917
917 0
0 917

Frame 918
918 0
0 918

Frame 919
919 0
0 919

Frame 920
920 0
0 920

Frame 921
921 0
0 921

Frame 922
922 0
0 922

Frame 923
923 0
0 923

Frame 924
924 0
0 924

Frame 925
925 0
0 925

Frame 926
926 0
0 926

Frame 927
927 0
0 927

Frame 928
928 0
0 928

Frame 929
929 0
0 929

Frame 930
930 0
0 930

Frame 931
931 0
0 931

Frame 932
932 0
0 932

Frame 933
933 0
0 933

Frame 934
934 0
0 934

Frame 935
935 0
0 935

Frame 936
936 0
0 936

Frame 937
937 0
0 937

Frame 938
938 0
0 938

Frame 939
939 0
0 939

Frame 940
940 0
0 940

Frame 941
941 0
0 941

Frame 942
942 0
0 942

Frame 943
943 0
0 943

Frame 944
944 0
0 944

Frame 945
945 0
0 945

Frame 946
946 0
0 946

Frame 947
947 0
0 947

Frame 948
948 0
0 948

Frame 949
949 0
0 949

Frame 950
950 0
0 950

Frame 951
951 0
0 951

Frame 952
952 0
0 952

Frame 953
953 0
0 953

Frame 954
954 0
0 954

Frame 955
955 0
0 955

Frame 956
956 0
0 956

Frame 957
957 0
0 957

Frame 958
958 0
0 958

Frame 959
959 0
0 959

Frame 960
960 0
0 960

Frame 961
961 0
0 961

Frame 962
962 0
0 962

Frame 963
963 0
0 963

Frame 964
964 0
0 964

Frame 965
965 0
0 965

Frame 966
966 0
0 966

Frame 967
967 0
0 967

Frame 968
968 0
0 968

Frame 969
969 0
0 969

Frame 970
970 0
0 970

Frame 971
971 0
0 971

Frame 972
972 0
0 972

Frame 973
973 0
0 973

Frame 974
974 0
0 974

Frame 975
975 0
0 975

Frame 976
976 0
0 976

Frame 977
977 0
0 977

Frame 978
978 0
0 978

Frame 979
979 0
0 979

Frame 980
980 0
0 980

Frame 981
981 0
0 981

Frame 982
982 0
0 982

Frame 983
983 0
0 983

Frame 984
984 0
0 984

Frame 985
985 0
0 985

Frame 986
986 0
0 986

Frame 987
987 0
0 987

Frame 988
988 0
0 988

Frame 989
989 0
0 989

Frame 990
990 0
0 990

Frame 991
991 0
0 991

Frame 992
992 0
0 992

Frame 993
993 0
0 993

Frame 994
994 0
0 994

Frame 995
995 0
0 995

Frame 996
996 0
0 996

Frame 997
997 0
0 997

Frame 998
998 0
0 998

Frame 999
999 0
0 999

